0.03
0.06
0.09
0.12
0.15
0.17
0.2
0.23
0.26
0.29
0.32
0.35
0.38
0.41
0.44
0.46
0.49
0.52
0.55
0.58
0.61
0.64
0.67
0.7
0.73
0.75
0.78
0.81
0.84
0.87
0.9
0.93
0.96
0.99
1.02
1.04
1.07
1.1
1.13
1.16
1.19
1.22
1.25
1.28
1.31
1.33
1.36
1.39
1.42
1.45
1.48
1.51
1.54
1.57
1.6
1.62
1.65
1.68
1.71
1.74
1.77
1.8
1.83
1.86
1.89
1.91
1.94
1.97
2
2.03
2.06
2.09
2.12
2.15
2.18
2.2
2.23
2.26
2.29
2.32
2.35
2.38
2.41
2.44
2.47
2.49
2.52
2.55
2.58
2.61
2.64
2.67
2.7
2.73
2.76
2.78
2.81
2.84
2.87
2.9
2.93
2.96
2.99
3.02
3.05
3.07
3.1
3.13
3.16
3.19
3.22
3.25
3.28
3.31
3.34
3.36
3.39
3.42
3.45
3.48
3.51
3.54
3.57
3.6
3.63
3.65
3.68
3.71
3.74
3.77
3.8
3.83
3.86
3.89
3.92
3.94
3.97
4
4.03
4.06
4.09
4.12
4.15
4.18
4.21
4.23
4.26
4.29
4.32
4.35
4.38
4.41
4.44
4.47
4.5
4.52
4.55
4.58
4.61
4.64
4.67
4.7
4.73
4.76
4.79
4.81
4.84
4.87
4.9
4.93
4.96
4.99
5.02
5.05
5.08
5.1
5.13
5.16
5.19
5.22
5.25
5.28
5.31
5.34
5.37
5.39
5.42
5.45
5.48
5.51
5.54
5.57
5.6
5.63
5.66
5.68
5.71
5.74
5.77
5.8
5.83
5.86
5.89
5.92
5.95
5.97
6
6.03
6.06
6.09
6.12
6.15
6.18
6.21
6.24
6.26
6.29
6.32
6.35
6.38
6.41
6.44
6.47
6.5
6.53
6.55
6.58
6.61
6.64
6.67
6.7
6.73
6.76
6.79
6.82
6.84
6.87
6.9
6.93
6.96
6.99
7.02
7.05
7.08
7.11
7.13
7.16
7.19
7.22
7.25
7.28
7.31
7.34
7.37
7.4
7.42
7.45
7.48
7.51
7.54
7.57
7.6
7.63
7.66
7.69
7.71
7.74
7.77
7.8
7.83
7.86
7.89
7.92
7.95
7.98
8
8.03
8.06
8.09
8.12
8.15
8.18
8.21
8.24
8.27
8.29
8.32
8.35
8.38
8.41
8.44
8.47
8.5
8.53
8.56
8.58
8.61
8.64
8.67
8.7
8.73
8.76
8.79
8.82
8.85
8.87
8.9
8.93
8.96
8.99
9.02
9.05
9.08
9.11
9.14
9.16
9.19
9.22
9.25
9.28
9.31
9.34
9.37
9.4
9.43
9.45
9.48
9.51
9.54
9.57
9.6
9.63
9.66
9.69
9.72
9.74
9.77
9.8
9.83
9.86
9.89
9.92
9.95
9.98
10.01
10.03
10.06
10.09
10.12
10.15
10.18
10.21
10.24
10.27
10.3
10.32
10.35
10.38
10.41
10.44
10.47
10.5
10.53
10.56
10.59
10.61
10.64
10.67
10.7
10.73
10.76
10.79
10.82
10.85
10.88
10.9
10.93
10.96
10.99
11.02
11.05
11.08
11.11
11.14
11.17
