depth	min95%	max95%	best	acc.rate
0.03	-54	-48	-51	141.23
0.06	-50	-44	-47	141.23
0.09	-46	-39	-43	141.23
0.12	-42	-35	-38	141.23
0.15	-38	-31	-34	141.23
0.17	-35	-28	-31	141.23
0.2	-31	-23	-27	141.23
0.23	-27	-19	-23	141.23
0.26	-23	-15	-19	141.23
0.29	-19	-11	-14	141.23
0.32	-15	-6	-10	141.23
0.35	-11	-2	-6	141.23
0.38	-7	3	-2	141.23
0.41	-3	7	3	141.23
0.44	1	12	7	141.23
0.46	4	15	10	141.23
0.49	8	19	14	141.23
0.52	12	23	18	141.23
0.55	16	28	22	141.23
0.58	20	32	27	141.23
0.61	24	37	31	141.23
0.64	29	42	35	141.23
0.67	33	46	39	141.23
0.7	37	50	44	141.23
0.73	41	55	48	141.23
0.75	43	58	51	141.23
0.78	47	62	55	141.23
0.81	51	66	59	141.23
0.84	55	71	63	141.23
0.87	59	75	68	141.23
0.9	64	80	72	141.23
0.93	68	84	76	141.23
0.96	72	89	80	141.23
0.99	76	93	85	141.23
1.02	80	98	89	141.23
1.04	83	100	92	141.23
1.07	87	105	96	141.23
1.1	91	110	100	141.23
1.13	95	114	104	141.23
1.16	99	119	109	141.23
1.19	103	123	113	141.23
1.22	107	128	117	141.23
1.25	111	132	121	141.23
1.28	115	136	126	141.23
1.31	119	141	130	141.23
1.33	122	144	133	141.23
1.36	126	148	137	141.23
1.39	130	153	141	141.23
1.42	134	157	145	141.23
1.45	138	162	150	141.23
1.48	142	166	154	141.23
1.51	146	171	158	141.23
1.54	150	175	162	141.23
1.57	154	180	166	141.23
1.6	158	184	171	141.23
1.62	161	187	174	141.23
1.65	165	192	178	141.23
1.68	169	196	182	141.23
1.71	173	201	186	141.23
1.74	177	205	190	141.23
1.77	181	210	195	141.23
1.8	186	214	199	141.23
1.83	190	219	203	141.23
1.86	194	223	207	141.23
1.89	198	228	212	141.23
1.91	200	231	214	141.23
1.94	204	235	219	141.23
1.97	208	240	223	141.23
2	212	244	227	141.23
2.03	217	249	231	141.23
2.06	221	253	236	141.23
2.09	225	258	240	141.23
2.12	229	262	244	141.23
2.15	233	267	248	141.23
2.18	237	271	253	141.23
2.2	239	274	255	141.23
2.23	243	279	260	141.23
2.26	247	283	264	141.23
2.29	252	288	268	141.23
2.32	256	292	272	141.23
2.35	260	297	277	141.23
2.38	264	301	281	141.23
2.41	268	306	285	141.23
2.44	272	310	289	141.23
2.47	276	315	294	141.23
2.49	279	318	296	141.23
2.52	283	322	301	141.23
2.55	287	326	305	141.23
2.58	291	331	309	141.23
2.61	295	335	313	141.23
2.64	299	340	318	141.23
2.67	303	344	322	141.23
2.7	307	349	326	141.23
2.73	311	353	330	141.23
2.76	315	358	335	141.23
2.78	318	361	337	141.23
2.81	322	365	342	141.23
2.84	326	370	346	141.23
2.87	330	374	350	141.23
2.9	334	378	354	141.23
2.93	338	383	359	141.23
2.96	342	387	363	141.23
2.99	346	392	367	141.23
3.02	350	396	371	141.23
3.05	354	401	375	141.23
3.07	357	404	378	141.23
3.1	361	408	383	141.23
3.13	365	413	387	141.23
3.16	369	417	391	141.23
3.19	373	422	395	141.23
3.22	377	426	399	141.23
3.25	381	431	404	141.23
3.28	385	435	408	141.23
3.31	389	440	412	141.23
3.34	393	444	416	141.23
3.36	396	447	419	141.23
3.39	400	452	423	141.23
3.42	404	456	428	141.23
3.45	408	461	432	141.23
3.48	412	465	436	141.23
3.51	416	470	440	141.23
3.54	420	474	445	141.23
3.57	424	479	449	141.23
3.6	428	483	453	141.23
3.63	432	488	457	141.23
3.65	435	491	460	141.23
3.68	439	495	464	141.23
3.71	443	500	469	141.23
3.74	447	504	473	141.23
3.77	451	508	477	141.23
3.8	455	513	481	141.23
3.83	459	517	486	141.23
3.86	463	522	490	141.23
3.89	467	526	494	141.23
3.92	471	531	498	141.23
3.94	474	534	501	141.23
3.97	478	538	505	141.23
4	482	543	510	141.23
4.03	486	547	514	141.23
4.06	490	552	518	141.23
4.09	494	556	522	141.23
4.12	498	561	527	141.23
4.15	502	565	531	141.23
4.18	506	570	535	141.23
4.21	511	574	539	141.23
4.23	513	577	542	141.23
4.26	517	582	546	141.23
4.29	521	586	551	141.23
4.32	525	591	555	141.23
4.35	529	595	559	141.23
4.38	533	600	563	141.23
4.41	537	604	568	141.23
4.44	542	609	572	141.23
4.47	546	613	576	141.23
4.5	550	618	580	141.23
4.52	552	621	583	141.23
4.55	556	625	587	141.23
4.58	560	630	592	141.23
4.61	564	634	596	141.23
4.64	568	639	600	141.23
4.67	572	643	604	141.23
4.7	576	647	609	141.23
4.73	581	652	613	141.23
4.76	585	656	617	141.23
4.79	589	661	621	141.23
4.81	591	664	624	141.23
4.84	595	668	628	141.23
4.87	599	673	633	141.23
4.9	603	677	637	141.23
4.93	607	682	641	141.23
4.96	611	686	645	141.23
4.99	615	691	649	141.23
5.02	620	695	654	141.23
5.05	624	700	658	141.23
5.08	628	704	662	141.23
5.1	630	707	665	141.23
5.13	634	712	669	141.23
5.16	638	716	673	141.23
5.19	642	721	678	141.23
5.22	646	725	682	141.23
5.25	650	730	686	141.23
5.28	654	734	690	141.23
5.31	659	739	695	141.23
5.34	663	743	699	141.23
5.37	667	748	703	141.23
5.39	669	751	706	141.23
5.42	673	755	710	141.23
5.45	677	759	714	141.23
5.48	681	764	719	141.23
5.51	685	768	723	141.23
5.54	689	773	727	141.23
5.57	693	777	731	141.23
5.6	698	782	736	141.23
5.63	702	786	740	141.23
5.66	706	790	744	141.23
5.68	708	793	747	141.23
5.71	712	798	751	141.23
5.74	716	802	755	141.23
5.77	720	807	760	141.23
5.8	724	811	764	141.23
5.83	728	816	768	141.23
5.86	732	820	772	141.23
5.89	737	825	777	141.23
5.92	741	829	781	141.23
5.95	745	833	785	141.23
5.97	747	836	788	141.23
6	751	841	792	141.23
6.03	755	845	796	141.23
6.06	759	850	801	141.23
6.09	763	854	805	141.23
6.12	767	859	809	141.23
6.15	772	863	813	141.23
6.18	776	867	818	141.23
6.21	780	872	822	141.23
6.24	784	876	826	141.23
6.26	786	879	829	141.23
6.29	790	884	833	141.23
6.32	794	888	837	141.23
6.35	798	893	842	141.23
6.38	802	897	846	141.23
6.41	807	902	850	141.23
6.44	811	906	854	141.23
6.47	815	911	858	141.23
6.5	819	915	863	141.23
6.53	823	920	867	141.23
6.55	825	923	870	141.23
6.58	829	927	874	141.23
6.61	833	932	878	141.23
6.64	837	936	882	141.23
6.67	842	940	887	141.23
6.7	846	945	891	141.23
6.73	850	949	895	141.23
6.76	854	954	899	141.23
6.79	858	958	904	141.23
6.82	862	963	908	141.23
6.84	864	966	911	141.23
6.87	868	970	915	141.23
6.9	872	975	919	141.23
6.93	877	979	923	141.23
6.96	881	984	928	141.23
6.99	885	988	932	141.23
7.02	889	993	936	141.23
7.05	893	997	940	141.23
7.08	897	1002	945	141.23
7.11	901	1006	949	141.23
7.13	903	1009	952	141.23
7.16	907	1014	956	141.23
7.19	912	1018	960	141.23
7.22	916	1023	964	141.23
7.25	920	1027	969	141.23
7.28	924	1032	973	141.23
7.31	928	1036	977	141.23
7.34	932	1041	981	141.23
7.37	936	1045	986	141.23
7.4	940	1049	990	141.23
7.42	943	1052	993	141.23
7.45	947	1057	997	141.23
7.48	951	1061	1001	141.23
7.51	955	1066	1005	141.23
7.54	959	1070	1010	141.23
7.57	963	1075	1014	141.23
7.6	967	1079	1018	141.23
7.63	971	1084	1022	141.23
7.66	975	1088	1027	141.23
7.69	979	1093	1031	141.23
7.71	982	1096	1034	141.23
7.74	986	1100	1038	141.23
7.77	990	1105	1042	141.23
7.8	994	1109	1046	141.23
7.83	998	1114	1051	141.23
7.86	1002	1118	1055	141.23
7.89	1006	1123	1059	141.23
7.92	1010	1127	1063	141.23
7.95	1014	1132	1067	141.23
7.98	1018	1136	1072	141.23
8	1021	1139	1075	141.23
8.03	1025	1144	1079	141.23
8.06	1029	1148	1083	141.23
8.09	1033	1153	1087	141.23
8.12	1037	1157	1091	141.23
8.15	1041	1161	1096	141.23
8.18	1045	1166	1100	141.23
8.21	1049	1170	1104	141.23
8.24	1053	1175	1108	141.23
8.27	1058	1179	1113	141.23
8.29	1060	1182	1116	141.23
8.32	1064	1187	1120	141.23
8.35	1068	1191	1124	141.23
8.38	1072	1196	1128	141.23
8.41	1076	1200	1132	141.23
8.44	1080	1205	1137	141.23
8.47	1084	1209	1141	141.23
8.5	1089	1214	1145	141.23
8.53	1093	1218	1149	141.23
8.56	1097	1223	1154	141.23
8.58	1099	1226	1156	141.23
8.61	1103	1230	1161	141.23
8.64	1107	1235	1165	141.23
8.67	1111	1239	1169	141.23
8.7	1115	1244	1173	141.23
8.73	1119	1248	1178	141.23
8.76	1124	1253	1182	141.23
8.79	1128	1257	1186	141.23
8.82	1132	1262	1190	141.23
8.85	1136	1266	1195	141.23
8.87	1138	1269	1197	141.23
8.9	1142	1273	1202	141.23
8.93	1146	1278	1206	141.23
8.96	1150	1282	1210	141.23
8.99	1155	1287	1214	141.23
9.02	1159	1291	1219	141.23
9.05	1163	1296	1223	141.23
9.08	1167	1300	1227	141.23
9.11	1171	1305	1231	141.23
9.14	1175	1309	1236	141.23
9.16	1177	1312	1238	141.23
9.19	1181	1317	1243	141.23
9.22	1185	1321	1247	141.23
9.25	1189	1326	1251	141.23
9.28	1193	1330	1255	141.23
9.31	1197	1335	1260	141.23
9.34	1201	1339	1264	141.23
9.37	1205	1344	1268	141.23
9.4	1209	1348	1272	141.23
9.43	1213	1353	1277	141.23
9.45	1216	1356	1279	141.23
9.48	1220	1360	1284	141.23
9.51	1224	1365	1288	141.23
9.54	1228	1369	1292	141.23
9.57	1232	1374	1296	141.23
9.6	1236	1378	1301	141.23
9.63	1240	1382	1305	141.23
9.66	1244	1387	1309	141.23
9.69	1248	1391	1313	141.23
9.72	1252	1396	1317	141.23
9.74	1255	1399	1320	141.23
9.77	1259	1403	1325	141.23
9.8	1263	1408	1329	141.23
9.83	1267	1412	1333	141.23
9.86	1271	1417	1337	141.23
9.89	1275	1421	1341	141.23
9.92	1279	1426	1346	141.23
9.95	1283	1430	1350	141.23
9.98	1287	1435	1354	141.23
10.01	1291	1439	1358	141.23
10.03	1294	1442	1361	141.23
10.06	1298	1447	1365	141.23
10.09	1302	1451	1370	141.23
10.12	1306	1456	1374	141.23
10.15	1310	1460	1378	141.23
10.18	1314	1465	1382	141.23
10.21	1318	1469	1387	141.23
10.24	1322	1474	1391	141.23
10.27	1326	1478	1395	141.23
10.3	1330	1483	1399	141.23
10.32	1333	1486	1402	141.23
10.35	1337	1490	1406	141.23
10.38	1341	1494	1411	141.23
10.41	1345	1499	1415	141.23
10.44	1349	1503	1419	141.23
10.47	1353	1508	1423	141.23
10.5	1357	1512	1428	141.23
10.53	1361	1517	1432	141.23
10.56	1365	1521	1436	141.23
10.59	1369	1526	1440	141.23
10.61	1372	1529	1443	141.23
10.64	1376	1533	1447	141.23
10.67	1380	1538	1452	141.23
10.7	1384	1542	1456	141.23
10.73	1388	1547	1460	141.23
10.76	1392	1551	1464	141.23
10.79	1396	1556	1469	141.23
10.82	1400	1560	1473	141.23
10.85	1404	1565	1477	141.23
10.88	1408	1569	1481	141.23
10.9	1411	1572	1484	141.23
10.93	1415	1577	1488	141.23
10.96	1419	1581	1493	141.23
10.99	1423	1586	1497	141.23
11.02	1427	1590	1501	141.23
11.05	1431	1595	1505	141.23
11.08	1435	1599	1510	141.23
11.11	1439	1603	1514	141.23
11.14	1443	1608	1518	141.23
11.17	1447	1612	1522	NA
