-15.24
-15.38
-15.14
-15.33
-15.09
-15.21
-15.35
-14.99
-14.91
-14.98
-15.9
-16.83
-15.34
-15.05
-15.41
-15.41
-15.28
-15.44
-15.37
-15.58
-15.26
-14.72
-16.04
-15.41
-15.14
-15.04
-15.41
-15.32
-14.92
-14.79
-15.42
-15.78
-15.72
-15.86
-15.53
-15.51
-15.73
-15.59
-15.61
-15.31
-14.95
-14.95
-15.86
-15.82
-15.37
-16.45
-15.32
-15.65
-15.57
-15.4
-15.48
-15.83
-15.4
-16.21
-15.73
-15.56
-15.7
-15.51
-16.45
-15.45
-15.9
-15.37
-15.47
-15.19
-15.75
-15.17
-15.17
-14.41
-15.05
-15.03
-15.56
-14.89
-14.87
-14.77
-14.81
-15.19
-15
-14.8
-15.48
-15.01
-15.01
-15.44
-15.21
-15.17
-15.27
-15.42
-15.15
-15.2
-15.3
-15.43
-15.18
-14.82
-15.05
-15.22
-15.25
-15.08
-15.51
-15.28
-15.63
-15.27
-15.09
-15.04
-14.99
-15.35
-14.71
-15.02
-15
-15.21
-15.11
-15.42
-15.09
-14.71
-15.03
-15.11
-15.5
-15.18
-15.23
-15.97
-15.8
-15.65
-14.79
-14.71
-14.43
-15.08
-14.7
-15.22
-15.86
-16.23
-15.88
-15.8
-15.38
-15.36
-15.58
-15.5
-16.18
-16.13
-15.58
-15.68
-15.66
-16.16
-15.37
-16.08
-16.04
-16.03
-16.1
-15.27
-16.16
-15.43
-16.11
-16.4
-16.01
-15.62
-16.09
-15.81
-15.47
-15.79
-16
-15.96
-15.94
-15.81
-15.27
-15.9
-16
-15.88
-15.57
-15.41
-16.28
-15.86
-15.57
-15.59
-16.07
-15.16
-15.22
-15.54
-15.66
-14.87
-15.47
-15.81
-15.41
-16.32
-15.5
-15.59
-15.94
-16.63
-16.27
-16.21
-16.23
-15.14
-15.25
-15.59
-15.97
-15.43
-15.26
-15.46
-15.78
-15.32
-15.31
-15.24
-15.3
-15.23
-15.26
-15.86
-15.69
-15.74
-15.61
-15.02
-15.27
-15.74
-15.96
-15.1
-15.9
-15.09
-15.5
-15.54
-15.67
-15.17
-14.94
-15.69
-15.51
-15.93
-15.57
-15.66
-15.42
-15.21
-15.68
-15.86
-15.21
-15.04
-15.28
-15.54
-15.64
-14.6
-15.06
-15.44
-14.87
-14.68
-15.07
-15
-15.12
-15.12
-15.62
-15.35
-15.38
-15.14
-15.34
-15.15
-15.28
-15.37
-15.56
-15.4
-16.5
-15.69
-15.97
-15.97
-15.9
-15.93
-15.52
-15.74
-15.5
-16.3
-15.85
-16.53
-15.48
-15.64
-15.4
-15.36
-15.29
-15.14
-15.64
-15.51
-15.63
-15.1
-15.87
-16.11
-16.07
-15.61
-15.93
-16.25
-15.45
-15.36
-15.09
-15.69
-16.32
-15.47
-16
-16.57
-16.12
-15.58
-15.14
-15.35
-15.56
-15.79
-15.23
-15.3
-15.23
-15.97
-15.29
-16.05
-15.69
-15.66
-15.99
-14.39
-15.4
-15.11
-14.96
-14.59
-15.24
-15.56
-15.34
-17.1
-16.75
-17.23
-17.09
-16.12
-17.67
-16.87
-17.65
-17.29
