8.95
9.22
8.34
8.25
9.61
9.02
9.49
8.86
9.23
9.71
10.45
8.79
9.97
9.65
10.28
10.2
9.85
10.2
10.38
10.29
9.62
9.51
10.4
10.47
9.34
9.89
10.05
10.85
10.89
9.34
9.77
9.2
9.31
9.6
10.33
9.87
9.31
9.14
8.23
9.63
9.12
9.62
9.63
8.73
9.19
9.37
9.18
9.87
9.94
8.77
9.04
8.35
9.13
8.37
7.9
8.72
9.09
8.26
9.08
8.57
8.38
8.25
8.18
7.94
8.69
8.53
8.53
8.82
8.52
8.36
9.12
8.91
9.03
9.8
9.3
9
9.71
8.49
9.71
10.06
8.48
7.62
7.9
8.04
8.47
8.99
9.08
8.35
8.73
9.35
9.29
9.03
8.88
8.92
8.97
9.28
8.5
8.47
8.59
8.78
8.15
8.1
8.61
8.43
7.87
8.4
8.1
9.17
8.71
8.62
8.39
8.36
9.11
7.79
8.02
7.94
7.44
8.75
8.21
8.49
8.97
8.93
8.45
8.24
8.22
8.77
9.21
9.32
9.32
8.98
8.74
9.33
8.78
8.97
8.66
7.98
8.18
7.6
7.48
8.52
