-16.09
-15.98
-15.79
-16.04
-15.87
-16.22
-15.82
-15.94
-16.13
-16.01
-15.46
-15.83
-15.84
-15.64
-15.6
-15.23
-15.98
-15.53
-15.86
-15.04
-15.75
-16
-15.38
-15.88
-16.13
-15.66
-16.19
-15.28
-15.13
-15.9
-15.84
-15.44
-15.67
-15.89
-15.36
-15.43
-15.75
-16.26
-16.14
-15.54
-15.75
-15.83
-16.01
-15.66
-15.95
-16.04
-15.81
-16
-15.46
-15.96
-16.32
-16
-15.37
-16.04
-16.25
-15.96
-15.73
-15.79
-15.74
-15.9
-15.96
-16.15
-16.12
-16.04
-15.89
-16.53
-15.61
-16.22
-15.61
-15.81
-15.47
-15.91
-15.73
-15.47
-15.93
-16.42
-15.62
-16.29
-15.64
-15.24
-15.74
-16.3
-16.06
-16
-16.32
-16.26
-16.17
-15.87
-16.33
-16.11
-15.99
-15.68
-15.95
-16.19
-16.09
-16.32
-16.28
-16.64
-16
-15.93
-16.61
-16.43
-16.45
-16.27
-16.71
-16.31
-16.45
-16.4
-16.71
-16.27
-16.32
-16.45
-15.85
-15.86
-16.32
-15.9
-15.87
-15.48
-15.83
-15.62
-15.3
-16.13
-17.45
-16.77
-16.23
-16.7
-16.25
-16.84
-16.92
-17.5
-17.31
NaN
-17.75
-16.8
-16.02
-16.3
-17.5
-17.86
-18.76
-17.44
