    9.240000000000e+00
    9.240000000000e+00
    9.630000000000e+00
    8.880000000000e+00
    9.340000000000e+00
    9.350000000000e+00
    9.500000000000e+00
    1.016000000000e+01
    9.100000000000e+00
    9.150000000000e+00
    9.130000000000e+00
    9.670000000000e+00
    9.010000000000e+00
    9.200000000000e+00
    9.430000000000e+00
    8.880000000000e+00
    8.740000000000e+00
    9.420000000000e+00
    8.410000000000e+00
    8.580000000000e+00
    8.600000000000e+00
    9.120000000000e+00
    8.320000000000e+00
    8.440000000000e+00
    8.380000000000e+00
    8.540000000000e+00
    8.650000000000e+00
    9.610000000000e+00
    8.140000000000e+00
    8.510000000000e+00
    8.490000000000e+00
    8.080000000000e+00
    8.280000000000e+00
    8.030000000000e+00
    8.450000000000e+00
    8.210000000000e+00
    9.190000000000e+00
    8.540000000000e+00
    7.970000000000e+00
    8.510000000000e+00
    8.620000000000e+00
    8.790000000000e+00
    8.790000000000e+00
    8.580000000000e+00
    7.940000000000e+00
    8.420000000000e+00
    8.600000000000e+00
    8.640000000000e+00
    7.790000000000e+00
    8.290000000000e+00
    8.170000000000e+00
    8.370000000000e+00
    8.650000000000e+00
    8.040000000000e+00
    8.500000000000e+00
    8.190000000000e+00
    8.250000000000e+00
    8.970000000000e+00
    8.520000000000e+00
    8.970000000000e+00
    9.540000000000e+00
    8.420000000000e+00
    7.600000000000e+00
    8.240000000000e+00
    8.510000000000e+00
    8.860000000000e+00
    8.290000000000e+00
    7.850000000000e+00
    7.660000000000e+00
    8.250000000000e+00
    7.720000000000e+00
    7.680000000000e+00
    8.680000000000e+00
    8.240000000000e+00
    8.270000000000e+00
    8.560000000000e+00
    8.730000000000e+00
    8.560000000000e+00
    8.440000000000e+00
    8.310000000000e+00
    8.530000000000e+00
    9.150000000000e+00
    8.340000000000e+00
    8.190000000000e+00
    8.990000000000e+00
    8.410000000000e+00
    8.720000000000e+00
    8.350000000000e+00
    8.120000000000e+00
    8.290000000000e+00
    8.430000000000e+00
    9.360000000000e+00
    8.280000000000e+00
    8.790000000000e+00
    8.980000000000e+00
    8.810000000000e+00
    8.580000000000e+00
    8.660000000000e+00
    8.800000000000e+00
    8.730000000000e+00
    9.440000000000e+00
    9.180000000000e+00
    7.960000000000e+00
    8.980000000000e+00
    8.320000000000e+00
    9.070000000000e+00
    8.920000000000e+00
    8.730000000000e+00
    9.170000000000e+00
    8.480000000000e+00
    8.440000000000e+00
    8.680000000000e+00
    8.820000000000e+00
    8.490000000000e+00
    8.650000000000e+00
    8.600000000000e+00
    7.830000000000e+00
    8.680000000000e+00
    8.750000000000e+00
    8.830000000000e+00
    9.020000000000e+00
    8.910000000000e+00
    8.350000000000e+00
    8.340000000000e+00
    8.690000000000e+00
    9.120000000000e+00
    8.160000000000e+00
    8.880000000000e+00
    8.510000000000e+00
    7.750000000000e+00
    9.080000000000e+00
    9.140000000000e+00
    8.900000000000e+00
    8.670000000000e+00
    8.710000000000e+00
    8.820000000000e+00
    8.780000000000e+00
    9.490000000000e+00
    8.680000000000e+00
    8.530000000000e+00
    8.210000000000e+00
    8.890000000000e+00
    8.090000000000e+00
    8.770000000000e+00
    8.280000000000e+00
    8.450000000000e+00
    8.400000000000e+00
    8.270000000000e+00
    8.700000000000e+00
    8.630000000000e+00
    8.510000000000e+00
    9.180000000000e+00
    8.390000000000e+00
    8.720000000000e+00
    8.420000000000e+00
    8.720000000000e+00
    8.700000000000e+00
    8.750000000000e+00
    8.270000000000e+00
    9.010000000000e+00
    7.710000000000e+00
    8.630000000000e+00
    8.560000000000e+00
    7.820000000000e+00
    7.840000000000e+00
    8.050000000000e+00
    8.240000000000e+00
    8.310000000000e+00
    8.320000000000e+00
    8.190000000000e+00
    8.110000000000e+00
    8.280000000000e+00
    7.800000000000e+00
    8.150000000000e+00
    7.930000000000e+00
    8.320000000000e+00
    7.870000000000e+00
    8.710000000000e+00
    8.470000000000e+00
    8.930000000000e+00
    7.650000000000e+00
    8.290000000000e+00
    8.400000000000e+00
    8.470000000000e+00
    8.580000000000e+00
    8.350000000000e+00
    8.040000000000e+00
    8.760000000000e+00
    9.070000000000e+00
    8.020000000000e+00
    8.210000000000e+00
    8.280000000000e+00
    8.730000000000e+00
    8.420000000000e+00
    8.960000000000e+00
    8.620000000000e+00
    8.790000000000e+00
    8.890000000000e+00
    7.680000000000e+00
    8.220000000000e+00
    8.840000000000e+00
    8.700000000000e+00
    7.520000000000e+00
    8.310000000000e+00
    8.500000000000e+00
    8.350000000000e+00
    8.760000000000e+00
    8.280000000000e+00
    8.430000000000e+00
    7.280000000000e+00
    8.030000000000e+00
    7.650000000000e+00
    7.900000000000e+00
    8.100000000000e+00
    7.520000000000e+00
    8.610000000000e+00
    8.810000000000e+00
    8.420000000000e+00
    8.130000000000e+00
    8.260000000000e+00
    8.190000000000e+00
    8.370000000000e+00
    8.270000000000e+00
    7.930000000000e+00
    8.220000000000e+00
    8.990000000000e+00
    8.440000000000e+00
    8.780000000000e+00
    8.420000000000e+00
    7.660000000000e+00
    7.590000000000e+00
    7.700000000000e+00
    8.090000000000e+00
    7.840000000000e+00
    7.770000000000e+00
    7.870000000000e+00
    7.590000000000e+00
    7.590000000000e+00
    8.010000000000e+00
    7.580000000000e+00
    7.630000000000e+00
    7.670000000000e+00
    7.840000000000e+00
    7.590000000000e+00
    7.230000000000e+00
    7.250000000000e+00
    7.330000000000e+00
    7.710000000000e+00
    8.060000000000e+00
    7.830000000000e+00
    7.660000000000e+00
    7.930000000000e+00
    7.790000000000e+00
    7.550000000000e+00
    7.650000000000e+00
    7.540000000000e+00
    7.920000000000e+00
    7.780000000000e+00
    8.000000000000e+00
    7.330000000000e+00
    7.800000000000e+00
    8.270000000000e+00
    7.860000000000e+00
    7.910000000000e+00
    7.830000000000e+00
    7.910000000000e+00
    9.790000000000e+00
    8.350000000000e+00
    8.190000000000e+00
    8.140000000000e+00
    7.870000000000e+00
    7.480000000000e+00
    7.680000000000e+00
    7.740000000000e+00
    7.810000000000e+00
    7.750000000000e+00
    7.990000000000e+00
    7.810000000000e+00
    7.380000000000e+00
    7.670000000000e+00
    7.570000000000e+00
    7.910000000000e+00
    7.530000000000e+00
    7.450000000000e+00
    7.670000000000e+00
    7.620000000000e+00
    7.170000000000e+00
    7.310000000000e+00
    6.870000000000e+00
    7.430000000000e+00
    7.890000000000e+00
    7.440000000000e+00
    7.600000000000e+00
    7.900000000000e+00
    7.740000000000e+00
    7.920000000000e+00
    8.150000000000e+00
    8.480000000000e+00
    8.010000000000e+00
    7.910000000000e+00
    7.690000000000e+00
    7.490000000000e+00
    7.270000000000e+00
    7.370000000000e+00
    7.750000000000e+00
    7.000000000000e+00
    7.250000000000e+00
    7.420000000000e+00
    7.120000000000e+00
    7.470000000000e+00
    7.600000000000e+00
    7.760000000000e+00
    7.810000000000e+00
    7.460000000000e+00
    7.480000000000e+00
    7.540000000000e+00
    7.970000000000e+00
    7.670000000000e+00
    7.800000000000e+00
    7.510000000000e+00
    7.720000000000e+00
    7.570000000000e+00
    7.400000000000e+00
    7.200000000000e+00
    6.630000000000e+00
    7.230000000000e+00
    7.450000000000e+00
    7.830000000000e+00
    7.760000000000e+00
    7.680000000000e+00
    7.110000000000e+00
    7.170000000000e+00
    7.310000000000e+00
    7.450000000000e+00
    6.810000000000e+00
    7.150000000000e+00
    7.250000000000e+00
    7.170000000000e+00
    8.700000000000e+00
    8.180000000000e+00
    8.790000000000e+00
    9.020000000000e+00
    8.840000000000e+00
    9.770000000000e+00
    9.500000000000e+00
    8.140000000000e+00
    8.880000000000e+00
    8.880000000000e+00
    7.620000000000e+00
    7.450000000000e+00
    8.210000000000e+00
    7.630000000000e+00
    8.250000000000e+00
    7.060000000000e+00
    7.120000000000e+00
    7.030000000000e+00
    7.390000000000e+00
    7.420000000000e+00
    8.730000000000e+00
    8.750000000000e+00
    6.670000000000e+00
    7.020000000000e+00
    6.900000000000e+00
    6.490000000000e+00
    6.730000000000e+00
    6.770000000000e+00
    6.730000000000e+00
    6.740000000000e+00
    6.950000000000e+00
    6.840000000000e+00
    6.910000000000e+00
    7.090000000000e+00
    7.820000000000e+00
    7.500000000000e+00
    7.800000000000e+00
    7.860000000000e+00
    7.996963030542e+00
    8.021799529852e+00
    7.980000000000e+00
    7.780000000000e+00
    7.570000000000e+00
    7.620000000000e+00
    7.560000000000e+00
    7.330000000000e+00
    7.170000000000e+00
