    4.053017669795e-01
    4.575713049133e-01
    5.083998263397e-01
    5.638475387281e-01
    6.215953038492e-01
    6.642871955978e-01
    6.813317171885e-01
    6.654640466311e-01
    6.103388378067e-01
    5.189043817122e-01
    3.981107725273e-01
    2.642754626180e-01
    1.343262032129e-01
    2.101974741363e-02
   -6.375643429303e-02
   -1.112819886950e-01
   -1.216162209385e-01
   -9.603441691855e-02
   -4.010159477597e-02
    3.903451165580e-02
    1.332961653849e-01
    2.323007194166e-01
    3.212395529798e-01
    3.943994578900e-01
    4.434188283808e-01
    4.636751936951e-01
    4.544732021758e-01
    4.172968874736e-01
    3.565430343301e-01
    2.766676669090e-01
    1.713498216281e-01
    6.344817315386e-02
   -3.708513089385e-02
   -1.234363814950e-01
   -1.902294043053e-01
   -2.350895374896e-01
   -2.569987376636e-01
   -2.580959718059e-01
   -2.430973615405e-01
   -2.142652462359e-01
   -1.765757358751e-01
   -1.372595702816e-01
   -9.845468951128e-02
   -5.824375392271e-02
   -1.845087336509e-02
    1.992782879128e-02
    5.565765209730e-02
    9.056408631595e-02
    1.241615324756e-01
    1.539547310887e-01
    1.758505621091e-01
    1.886578749042e-01
    1.951869917316e-01
    1.941356307808e-01
    1.887747211912e-01
    1.794893539981e-01
    1.690211735451e-01
    1.617266758646e-01
    1.592365102845e-01
    1.621318730493e-01
    1.650203524015e-01
    1.652927854573e-01
    1.589881894107e-01
    1.450417038276e-01
    1.210212087526e-01
    9.040399403012e-02
    5.138050859575e-02
    7.868561030628e-03
   -2.873254990320e-02
   -5.417222565259e-02
   -6.534599317803e-02
   -5.838181892189e-02
   -3.495341529388e-02
    5.239709930071e-03
    6.123882434535e-02
    1.316491152879e-01
    2.121946298334e-01
    2.937296986750e-01
    3.694075619613e-01
    4.330178726619e-01
    4.775337840681e-01
    5.016600260278e-01
    5.026157178420e-01
    4.784972657292e-01
    4.321032290255e-01
    3.745407582313e-01
    3.068271881199e-01
    2.329823566136e-01
    1.637317799515e-01
    1.007908322895e-01
    4.778128734547e-02
    3.349576150436e-03
   -3.174764126986e-02
   -5.833694981804e-02
   -7.566066527704e-02
   -8.198764153086e-02
   -7.701415887529e-02
   -5.537586600284e-02
   -1.583351968107e-02
    4.126508801689e-02
    1.131152877838e-01
    1.952242484882e-01
    2.817793853379e-01
    3.649967327750e-01
    4.370997365788e-01
    4.908273737492e-01
    5.210183384782e-01
    5.245995986737e-01
    4.994556466490e-01
    4.463051965586e-01
    3.706287806437e-01
    2.779341459935e-01
    1.722700528733e-01
    6.945633707979e-02
   -2.174374648358e-02
   -8.999748664631e-02
   -1.272852334259e-01
   -1.266867089368e-01
   -8.671701408709e-02
   -1.227030783388e-02
    8.908532726147e-02
    2.066863717027e-01
    3.298673970311e-01
    4.469354436388e-01
    5.462804571171e-01
    6.202096365036e-01
    6.647813122025e-01
    6.756156073320e-01
    6.543255106528e-01
    6.027231546117e-01
    5.269656336505e-01
    4.356218950983e-01
    3.391703002793e-01
    2.462686469414e-01
    1.671154219217e-01
    1.129364383625e-01
    8.975576316967e-02
    1.005561251333e-01
    1.475858815912e-01
    2.233581124187e-01
    3.200647150955e-01
    4.271866451615e-01
    5.336676552886e-01
    6.293810773832e-01
    7.044175373833e-01
    7.508604391139e-01
    7.631642526591e-01
    7.409432172048e-01
    6.875056292836e-01
    6.101522706499e-01
    5.195382721621e-01
    4.235391906453e-01
    3.341539429375e-01
    2.603966157586e-01
    2.063095698265e-01
    1.747841781183e-01
    1.650117856808e-01
    1.728624639684e-01
    1.941965309751e-01
    2.221582299667e-01
    2.516501754853e-01
    2.749504728324e-01
    2.894773936888e-01
    2.975394172423e-01
    2.982279399761e-01
    2.904756621731e-01
    2.785033127943e-01
    2.676074304954e-01
    2.593306915929e-01
    2.542560580327e-01
    2.489690522919e-01
    2.454794321481e-01
    2.418472025677e-01
    2.323354117686e-01
    2.168057258515e-01
    1.919515489570e-01
    1.562874628205e-01
    1.121570689733e-01
    6.364352660196e-02
    1.360138199588e-02
   -3.390315033044e-02
   -7.473367138849e-02
   -1.042881059034e-01
   -1.168536389453e-01
   -1.106931868926e-01
   -8.683095735356e-02
   -4.860738778530e-02
   -3.453676850630e-03
    4.304465230536e-02
    8.302904175860e-02
    1.116495129320e-01
    1.259979520515e-01
    1.218493566518e-01
    9.684995616220e-02
    5.975217152558e-02
    1.514944506718e-02
   -3.256799124363e-02
   -7.863899829736e-02
   -1.167770411523e-01
   -1.447570491277e-01
   -1.593265746306e-01
   -1.608621332639e-01
   -1.486752295824e-01
   -1.259710626737e-01
   -9.655185175344e-02
   -6.348593196287e-02
   -3.218928720236e-02
   -1.097641243532e-02
    2.355863625504e-03
    8.961810894656e-03
    7.416048366532e-03
    4.052701215911e-04
   -1.431623738048e-02
   -3.471993328835e-02
   -6.037385069484e-02
   -9.153752674817e-02
   -1.273978051444e-01
   -1.686309334211e-01
   -2.179723671100e-01
   -2.758498844597e-01
   -3.360197745385e-01
   -3.943925516455e-01
   -4.457794542983e-01
   -4.890767336598e-01
   -5.210470282663e-01
   -5.382184300919e-01
   -5.358934098030e-01
   -5.146702555544e-01
   -4.731343585915e-01
   -4.132262170506e-01
   -3.358517641242e-01
   -2.442225904148e-01
   -1.512252968586e-01
   -6.597735097885e-02
   -4.888298465089e-05
    3.622445803577e-02
    4.254626866404e-02
    2.195215916543e-02
   -2.485008136183e-02
   -9.132997125087e-02
   -1.703485455367e-01
   -2.541720514642e-01
   -3.348899639201e-01
   -4.096384108141e-01
   -4.754012575021e-01
   -5.257836034677e-01
   -5.609798527655e-01
   -5.790610973473e-01
   -5.802807624194e-01
   -5.679457821384e-01
   -5.467112807181e-01
   -5.184712450462e-01
   -4.884337600649e-01
   -4.595448035820e-01
   -4.352377501107e-01
   -4.141289858158e-01
   -3.980659614233e-01
   -3.841519393480e-01
   -3.718635367263e-01
   -3.573807554317e-01
   -3.400829095611e-01
   -3.219620210346e-01
   -3.018947496996e-01
   -2.846465722846e-01
   -2.730173944010e-01
   -2.698191635460e-01
   -2.788456418390e-01
   -2.994947808628e-01
   -3.344048003440e-01
   -3.833201732030e-01
   -4.431473883996e-01
   -5.104787558259e-01
   -5.810689559595e-01
   -6.477293083122e-01
   -7.046217543593e-01
   -7.448447000396e-01
   -7.648926797754e-01
   -7.609608417712e-01
   -7.316622022551e-01
   -6.809149469281e-01
   -6.128770945653e-01
   -5.340754700826e-01
   -4.522106766543e-01
   -3.765831827676e-01
   -3.151277183824e-01
   -2.797115133295e-01
   -2.728283854680e-01
   -2.984911473512e-01
   -3.559969772165e-01
   -4.403601434903e-01
   -5.422923034486e-01
   -6.513732671793e-01
   -7.568820324438e-01
   -8.482802926759e-01
   -9.129224165006e-01
   -9.419668686569e-01
   -9.305936469542e-01
   -8.803086973020e-01
   -7.923487220295e-01
   -6.752010827103e-01
   -5.388035965524e-01
   -3.952691990372e-01
   -2.609786257499e-01
   -1.463018915908e-01
   -6.198453906810e-02
   -1.611026678352e-02
   -1.522092994211e-02
   -6.017574759159e-02
   -1.434959121086e-01
   -2.528655935164e-01
   -3.804913975163e-01
   -5.115246463898e-01
   -6.328051382450e-01
   -7.358839350338e-01
   -8.088081421978e-01
   -8.444828326494e-01
   -8.429084432202e-01
   -7.990639456324e-01
