   -8.505901638180e-02
   -6.862551215976e-02
   -3.778269744763e-02
    2.630563118384e-02
    1.134924418334e-01
    1.960879942910e-01
    2.819160146817e-01
    3.685113613715e-01
    4.606378472439e-01
    5.528576896563e-01
    6.442194784626e-01
    7.261428856759e-01
    8.105801989850e-01
    8.878005597569e-01
    9.557402138512e-01
    1.009954663529e+00
    1.052801144151e+00
    1.085653283870e+00
    1.107300854679e+00
    1.117687952193e+00
    1.124796516204e+00
    1.128540952757e+00
    1.128990035072e+00
    1.118695063653e+00
    1.098686220275e+00
    1.078469207354e+00
    1.053548363927e+00
    1.021301543436e+00
    9.725923932901e-01
    9.057139144585e-01
    8.377794855459e-01
    7.677078865740e-01
    7.048459714419e-01
    6.474512687779e-01
    5.924803050175e-01
    5.338302565494e-01
    4.768401259883e-01
    4.270580292413e-01
    3.882304570493e-01
    3.670325750902e-01
    3.484123270417e-01
    3.347390652778e-01
    3.185546108997e-01
    2.973891660328e-01
    2.799940202774e-01
    2.603900860926e-01
    2.333442958900e-01
    1.979061675113e-01
    1.448794043470e-01
    7.550078187469e-02
    4.255470128880e-03
   -7.114330124002e-02
   -1.422213797486e-01
   -2.155107573214e-01
   -2.856459283817e-01
   -3.462762728496e-01
   -4.015744683823e-01
   -4.535427787431e-01
   -4.913451150682e-01
   -5.229134046657e-01
   -5.459529936328e-01
   -5.551296942536e-01
   -5.479747897906e-01
   -5.222039389089e-01
   -4.745415465614e-01
   -4.162021565821e-01
   -3.496044844411e-01
   -2.773395005241e-01
   -2.046949029055e-01
   -1.302777474623e-01
   -5.523752759939e-02
    8.152961532201e-03
    5.910642077956e-02
    9.341327452964e-02
    1.039973162369e-01
    9.714784419052e-02
    7.574794700550e-02
    3.561600966433e-02
   -8.910813702578e-03
   -6.680482538078e-02
   -1.367292790963e-01
   -1.981472571068e-01
   -2.387072009061e-01
   -2.585570627932e-01
   -2.584674545297e-01
   -2.449133934849e-01
   -2.248138319155e-01
   -2.002469539094e-01
   -1.690527007397e-01
   -1.372400395234e-01
   -1.137394915759e-01
   -1.025250500499e-01
   -1.032937370836e-01
   -1.169822226397e-01
   -1.435066599786e-01
   -1.808288807692e-01
   -2.291987304601e-01
   -2.797207456458e-01
   -3.305786485667e-01
   -3.818161246117e-01
   -4.327187740137e-01
   -4.748443674527e-01
   -5.063583684746e-01
   -5.319045870149e-01
   -5.509638461939e-01
   -5.596547261900e-01
   -5.648168234898e-01
   -5.665841719163e-01
   -5.755203607704e-01
   -5.890558864497e-01
   -6.060766002253e-01
   -6.222762940540e-01
   -6.369433612120e-01
   -6.553052542515e-01
   -6.643970312530e-01
   -6.640692576256e-01
   -6.504023564164e-01
   -6.165500648092e-01
   -5.735849183966e-01
   -5.175069510128e-01
   -4.542946775788e-01
   -4.105983915562e-01
   -3.651926939769e-01
   -3.170345789026e-01
   -2.655509793752e-01
   -2.106098697369e-01
   -1.596463555064e-01
   -1.199786312911e-01
   -9.538279825675e-02
   -8.654948124219e-02
   -9.050454368539e-02
   -1.030295502960e-01
   -1.323746157088e-01
   -1.760655785654e-01
   -2.338010820805e-01
   -3.072997898817e-01
   -3.823408354005e-01
   -4.552054403891e-01
   -5.155841798847e-01
   -5.267717474172e-01
