   -1.686612658521e+01
   -1.682440147781e+01
   -1.674812920828e+01
   -1.667347777635e+01
   -1.666730565182e+01
   -1.668220902844e+01
   -1.671299887187e+01
   -1.670815232204e+01
   -1.666765206477e+01
   -1.658275771786e+01
   -1.646057955509e+01
   -1.633810691867e+01
   -1.622350665895e+01
   -1.611627696413e+01
   -1.600652070589e+01
   -1.590334652231e+01
   -1.580673820188e+01
   -1.574137283772e+01
   -1.572282189582e+01
   -1.574180358689e+01
   -1.577139664656e+01
   -1.580000811984e+01
   -1.580872422622e+01
   -1.578805130497e+01
   -1.573223449708e+01
   -1.565290768210e+01
   -1.556834417719e+01
   -1.548742571158e+01
   -1.541514558369e+01
   -1.534628696114e+01
   -1.529063565891e+01
   -1.525327848928e+01
   -1.524553730098e+01
   -1.526535896017e+01
   -1.529683658467e+01
   -1.532430554655e+01
   -1.533586142187e+01
   -1.533490752240e+01
   -1.532562598831e+01
   -1.531700070187e+01
   -1.531206886906e+01
   -1.531460643635e+01
   -1.531661886084e+01
   -1.532693936522e+01
   -1.533754590371e+01
   -1.534692506090e+01
   -1.535483674106e+01
   -1.536918471676e+01
   -1.538794645456e+01
   -1.540728805522e+01
   -1.541890093348e+01
   -1.543188128771e+01
   -1.545062527294e+01
   -1.547857303077e+01
   -1.551924205491e+01
   -1.556708704263e+01
   -1.561457481308e+01
   -1.564143186653e+01
   -1.564761283326e+01
   -1.562776886926e+01
   -1.559629655941e+01
   -1.556198090911e+01
   -1.553766842232e+01
   -1.552171553671e+01
   -1.552473268236e+01
   -1.554869000454e+01
   -1.560081053605e+01
   -1.566853372171e+01
   -1.572294315848e+01
   -1.574633486099e+01
   -1.573524335288e+01
   -1.568860760815e+01
   -1.562013116811e+01
   -1.553531588075e+01
   -1.544176049340e+01
   -1.535112313001e+01
   -1.528169652050e+01
   -1.525224423313e+01
   -1.526633355604e+01
   -1.531676283517e+01
   -1.537853138414e+01
   -1.544142731132e+01
   -1.549317666551e+01
   -1.552447875923e+01
   -1.553383482726e+01
   -1.553001755702e+01
   -1.551499219445e+01
   -1.549878237107e+01
   -1.548516878177e+01
   -1.548301437715e+01
   -1.548555377796e+01
   -1.549820724035e+01
   -1.552096439677e+01
   -1.554087029674e+01
   -1.554919440537e+01
   -1.554563712302e+01
   -1.553006204344e+01
   -1.550984558975e+01
   -1.548604991221e+01
   -1.547384912676e+01
   -1.547923244396e+01
   -1.551176990702e+01
   -1.555055314432e+01
   -1.558131984612e+01
   -1.559438960577e+01
   -1.558196572926e+01
   -1.554538696012e+01
   -1.549508293406e+01
   -1.544252553565e+01
   -1.539515452560e+01
   -1.537210195979e+01
   -1.536789928057e+01
   -1.540470134265e+01
   -1.547047666483e+01
   -1.556550392144e+01
   -1.566270512289e+01
   -1.574517599538e+01
   -1.579042935044e+01
   -1.579347125968e+01
   -1.575463529297e+01
   -1.569155327472e+01
   -1.561682262980e+01
   -1.554854189906e+01
   -1.549507666731e+01
   -1.546756253797e+01
   -1.548267290184e+01
   -1.553474494178e+01
   -1.560602468509e+01
   -1.567950727541e+01
   -1.574703197856e+01
   -1.577410401654e+01
   -1.576680247634e+01
   -1.573150268204e+01
   -1.567884016307e+01
   -1.561626603467e+01
   -1.555974866812e+01
   -1.551046907990e+01
   -1.548640425075e+01
   -1.549218270257e+01
   -1.553762090021e+01
   -1.559242133028e+01
   -1.564559172303e+01
   -1.567905426654e+01
   -1.568398454328e+01
   -1.567161189239e+01
   -1.564458008339e+01
   -1.561329914670e+01
   -1.558297796010e+01
   -1.555326439821e+01
   -1.552811323775e+01
   -1.551524550763e+01
   -1.551288553644e+01
   -1.552644433446e+01
   -1.554444129186e+01
   -1.557314694511e+01
   -1.560201406520e+01
   -1.562422513210e+01
   -1.563467836835e+01
   -1.562475321749e+01
   -1.560393549106e+01
   -1.557829315709e+01
   -1.554887090175e+01
   -1.552569331423e+01
   -1.551063498177e+01
   -1.549066594750e+01
   -1.548449146186e+01
   -1.550071889503e+01
   -1.554776835833e+01
   -1.561888786281e+01
   -1.569226635643e+01
   -1.573920671866e+01
   -1.574975302527e+01
   -1.573423054341e+01
   -1.570356692999e+01
   -1.567661788344e+01
   -1.564888707471e+01
   -1.562386514672e+01
   -1.560395456788e+01
   -1.560052378895e+01
   -1.562124113084e+01
   -1.566203071480e+01
   -1.569649814540e+01
   -1.571117005869e+01
   -1.568478308922e+01
   -1.561847478657e+01
   -1.551777739469e+01
   -1.541143161350e+01
   -1.532181418552e+01
   -1.526676573563e+01
   -1.525593616549e+01
   -1.527479817856e+01
   -1.530798370445e+01
   -1.536020388593e+01
   -1.542177140249e+01
   -1.548835936061e+01
   -1.554543487668e+01
   -1.557090180458e+01
   -1.555376114614e+01
   -1.550141662030e+01
   -1.543773547795e+01
   -1.537760169566e+01
   -1.534564225012e+01
   -1.533962677073e+01
   -1.535788617289e+01
   -1.538071094982e+01
   -1.540453999378e+01
   -1.541953509093e+01
   -1.543225077399e+01
   -1.545404693273e+01
   -1.547268215980e+01
   -1.548111815815e+01
   -1.547380507613e+01
   -1.545516347133e+01
   -1.544416427218e+01
   -1.544192381074e+01
   -1.545554013719e+01
   -1.549035268751e+01
   -1.553953823590e+01
   -1.557139744925e+01
   -1.556297962055e+01
   -1.552349562731e+01
   -1.547290373528e+01
   -1.542533969390e+01
   -1.537488928396e+01
   -1.530893112707e+01
   -1.521914520965e+01
   -1.512915762488e+01
   -1.506230567174e+01
   -1.506217139351e+01
   -1.513599374522e+01
   -1.526139831876e+01
   -1.539676641005e+01
   -1.552622695277e+01
   -1.563283812720e+01
   -1.571758802857e+01
   -1.577931386179e+01
   -1.581586320410e+01
   -1.582311565206e+01
   -1.580449271427e+01
   -1.576365566869e+01
   -1.570494941458e+01
   -1.563870103035e+01
   -1.557205099695e+01
   -1.551734412086e+01
   -1.548447426560e+01
   -1.547271877896e+01
   -1.547291377233e+01
   -1.547366475781e+01
   -1.547654923473e+01
   -1.550168512533e+01
   -1.556501771740e+01
   -1.566354447854e+01
   -1.577147453783e+01
   -1.586378256581e+01
   -1.591716826705e+01
   -1.593793075093e+01
   -1.593577805153e+01
   -1.591263015835e+01
   -1.585335773822e+01
   -1.575295100952e+01
   -1.561063861528e+01
   -1.545175030587e+01
   -1.530255607343e+01
   -1.518407428368e+01
   -1.511807233016e+01
   -1.510363519355e+01
   -1.512007424720e+01
   -1.515802839325e+01
   -1.520530373200e+01
   -1.526262682397e+01
   -1.533164723201e+01
   -1.541185138719e+01
   -1.549144414721e+01
   -1.556578661771e+01
   -1.562835279453e+01
   -1.568552087084e+01
   -1.573944842920e+01
   -1.579399390520e+01
   -1.584511856301e+01
   -1.588148146995e+01
   -1.589571853443e+01
   -1.588722106440e+01
   -1.587156660562e+01
   -1.585230458670e+01
   -1.585223549484e+01
   -1.587425316251e+01
   -1.591259319286e+01
   -1.594050497131e+01
   -1.595217546588e+01
   -1.594226512401e+01
   -1.592859835058e+01
   -1.590284904387e+01
   -1.586470566605e+01
   -1.580942111014e+01
   -1.573684406647e+01
   -1.566158565321e+01
   -1.560488763383e+01
   -1.558050887908e+01
   -1.559842491286e+01
   -1.565404010421e+01
   -1.572450607560e+01
   -1.578914850109e+01
   -1.581959536898e+01
   -1.581743905327e+01
   -1.579603828113e+01
   -1.578274388507e+01
   -1.576274924197e+01
   -1.575012851731e+01
   -1.573206440223e+01
   -1.571555113325e+01
   -1.571676056433e+01
   -1.575340930014e+01
   -1.581981423985e+01
   -1.590779498684e+01
   -1.597549856061e+01
   -1.600153908774e+01
   -1.598397089062e+01
   -1.594349269579e+01
   -1.590779232265e+01
   -1.589394131722e+01
   -1.589832587668e+01
   -1.590152892827e+01
   -1.590715826558e+01
   -1.590787226253e+01
   -1.592099078582e+01
   -1.594751199396e+01
   -1.598951754133e+01
   -1.601226256622e+01
   -1.601381547721e+01
   -1.598915530026e+01
   -1.595838982915e+01
   -1.592081555741e+01
   -1.589871452542e+01
   -1.588322141067e+01
   -1.587577455441e+01
   -1.586046189288e+01
   -1.582058917166e+01
   -1.575501859182e+01
   -1.566668141915e+01
   -1.557083780095e+01
   -1.547186101364e+01
   -1.537619668688e+01
   -1.528515192914e+01
   -1.520494711199e+01
   -1.514320642581e+01
   -1.511491250252e+01
   -1.513135905176e+01
   -1.519681189406e+01
   -1.528744662288e+01
   -1.537475712387e+01
   -1.543523544854e+01
   -1.547188602665e+01
   -1.549010385767e+01
   -1.550674281017e+01
   -1.551453566712e+01
   -1.551503802061e+01
   -1.550395723432e+01
   -1.549634024247e+01
   -1.550893373341e+01
   -1.556121214058e+01
   -1.564752282083e+01
   -1.574732719117e+01
   -1.583153580495e+01
   -1.588760175218e+01
   -1.591193806902e+01
   -1.590930687786e+01
   -1.588482306947e+01
   -1.584311775809e+01
   -1.578622304185e+01
   -1.572423274226e+01
   -1.567270163808e+01
   -1.564467137393e+01
   -1.565675886140e+01
   -1.570774213689e+01
   -1.578930654497e+01
   -1.589474248763e+01
   -1.599505421915e+01
   -1.607308751743e+01
   -1.611429345262e+01
   -1.612271523253e+01
   -1.614950404679e+01
   -1.617049516387e+01
   -1.625395873707e+01
   -1.635960516167e+01
   -1.650886279643e+01
