1.83
1.95
2.01
2.07
2.12
2.18
2.24
2.3
2.36
2.42
2.48
2.54
2.6
2.66
2.71
2.77
2.89
3.01
3.07
3.13
3.25
3.3
3.36
3.48
3.6
3.66
3.72
3.78
3.84
3.89
3.95
4.01
4.07
4.13
4.19
4.25
4.31
4.37
4.43
4.48
4.54
4.6
4.66
4.72
4.78
4.84
4.9
4.96
5.02
5.07
5.13
5.19
5.25
5.37
5.49
5.55
5.61
5.66
5.72
5.78
5.84
5.9
5.96
6.02
6.08
6.14
6.2
6.25
6.31
6.37
6.43
6.55
6.61
6.67
6.73
6.79
6.84
6.9
6.96
7.02
7.08
7.14
7.2
7.26
7.32
7.38
7.43
7.49
7.55
7.61
7.67
7.73
7.79
7.85
7.91
7.97
8.02
8.08
8.14
8.2
8.32
8.38
8.44
8.5
8.56
8.61
8.67
8.73
8.85
8.91
8.97
9.03
9.09
9.15
9.26
9.32
9.38
9.44
9.5
9.56
9.62
9.68
9.79
9.85
9.91
9.97
10.03
10.09
10.15
10.21
