9.43
9.78
9.41
8.47
8.61
8.84
8.8
9.51
9.77
10.13
9.69
8.96
8.48
8.22
7.73
8.57
8.54
8.73
8.37
7.92
7.7
9.62
8.4
8.94
9.07
8.81
8.66
8.38
9.03
8.4
8.31
7.91
7.92
7.82
7.83
7.69
7.8
8.12
7.58
7.9
8.84
8.71
7.65
7.89
7.95
8.32
7.7
7.76
8.14
9
9.06
8.4
9.02
8.62
8.97
8.95
8.25
7.83
7.64
8.59
8.48
8.77
8.46
8.89
8.02
9.29
9.21
7.41
7.62
7.97
7.79
8.78
8.63
8.54
7.99
7.83
8.71
8.8
8.77
9.25
8.43
8.79
9.41
9.56
7.64
9.03
9.44
7.68
8.28
7.87
8.46
8.17
8.49
8.52
8.33
8.98
8.02
7.88
7.97
8.14
8.21
8.23
8.49
8.69
8.83
8.77
8.69
8.8
8.95
8.46
8.48
9.82
8.04
8.62
8.02
8.2
7.64
7.44
8.09
8.26
8.81
8.64
8.78
9.23
8.97
8.44
8.93
8.43
8.87
8.82
8.78
8.56
9.14
9.14
8.52
8.61
8.55
7.67
8.58
8.58
8.65
8.85
8.62
8.78
9.04
9.64
9.63
9.57
9.35
8.64
9.21
8.4
7.99
8.48
8.37
8.36
8.82
8.49
8.77
8.42
9.19
8.95
8.06
8.3
9.11
8.74
8.03
8.1
8.39
9.27
8.22
8.12
9
8.23
8.62
8.81
8.5
7.94
8.18
8.4
8.63
8.62
7.89
7.82
7.78
7.7
8.32
8.12
8.65
8.24
8.05
8.72
9.65
7.94
8
8.13
8.33
7.84
8.44
8.25
8.42
7.97
8.21
8.17
7.96
8.25
9.63
8.44
7.9
8.47
7.92
8.74
8.2
8.18
8.02
7.69
7.77
8.46
9.03
7.87
7.49
7.08
7.93
7.88
7.97
7.5
8.19
7.9
8.07
7.26
6.54
7.86
7.91
8.78
9.85
8.92
8
8.54
8.07
7.98
7.75
7.51
8.2
8.64
7.6
8.2
7.65
7.34
7.61
7.96
7.35
7.74
7.78
8.07
7.51
8.18
7.82
8.28
7.71
7.67
8.18
7.53
8.18
8.07
8.09
8.35
7.68
8.23
8.28
7.97
7.89
8.06
7.58
7.7
7.23
7.76
7.45
7.2
7.81
7.79
7.66
7.49
7.57
7.2
8.38
7.5
7.96
8.07
8.03
7.73
7.42
7.78
8.34
7.09
7.08
6.85
7.63
6.95
7.41
7.67
7.82
8.77
8.11
8.35
8.23
9.04
8.9
7.94
7.47
8.23
7.94
7.95
8.16
7.5
7.53
7.31
7.19
7.3
