-16.91
-16.84
-16.91
-16.4
-16.82
-16.62
-16.99
-16.51
-16.62
-16.73
-16.3
-16.27
-16.25
-16.22
-15.96
-16.24
-15.75
-15.37
-15.56
-16.15
-15.68
-15.79
-15.59
-16.05
-15.84
-15.56
-15.53
-15.22
-15.7
-15.29
-15.52
-15.09
-15.01
-15.34
-15.31
-15.56
-15.25
-15.33
-15.26
-15.31
-15.17
-15.6
-15.11
-15.41
-15.47
-15.39
-15.13
-15.22
-15.4
-15.64
-15.4
-15.51
-15.51
-15.4
-15.42
-15.33
-15.82
-15.58
-15.8
-15.59
-15.7
-15.46
-15.66
-15.45
-15.52
-15.35
-15.38
-16.05
-15.84
-15.71
-15.73
-15.53
-15.6
-15.58
-15.59
-15.39
-15.15
-15.12
-15.14
-15.65
-15.41
-15.29
-15.55
-15.5
-15.43
-15.62
-15.5
-15.57
-15.43
-15.64
-15.5
-15.14
-15.56
-15.64
-15.64
-15.51
-15.42
-15.75
-15.58
-15.5
-15.01
-15.56
-15.58
-15.6
-15.68
-15.82
-15.54
-15.35
-15.39
-15.15
-15.78
-15.13
-15.55
-15.31
-15.55
-15.72
-15.84
-15.82
-15.86
-15.64
-15.56
-15.57
-15.73
-15.65
-15.21
-15.4
-15.84
-15.64
-15.19
-16.1
-15.77
-15.64
-15.75
-15.77
-15.57
-15.79
-15.5
-15.43
-14.9
-15.86
-15.58
-15.72
-15.94
-15.62
-15.73
-15.53
-15.38
-15.67
-15.55
-15.52
-15.52
-15.46
-15.86
-15.45
-15.57
-15.56
-15.4
-15.83
-15.53
-15.51
-15.87
-15.33
-15.28
-16
-15.53
-15.49
-15.38
-15.38
-15.51
-15.72
-15.83
-15.71
-16
-15.5
-15.83
-15.6
-15.74
-15.6
-15.35
-15.34
-15.91
-15.65
-15.91
-15.72
-15.78
-15.44
-15.31
-15.32
-14.92
-15.34
-15.6
-15.13
-15.49
-15.35
-15.44
-15.58
-15.74
-15.46
-15.34
-15.62
-15.23
-15.41
-15.18
-15.42
-15.37
-15.67
-15.64
-14.91
-15.54
-15.46
-15.66
-15.45
-14.98
-15.65
-15.81
-15.56
-15.14
-15.5
-15.92
-15.5
-15.19
-15.26
-15.43
-15.63
-15.68
-15.21
-15.44
-14.61
-14.56
-14.99
-15.67
-15.48
-15.7
-15.64
-15.69
-15.75
-15.83
-15.7
-15.63
-15.71
-15.78
-15.95
-15.71
-15.4
-15.3
-15.26
-15.58
-15.78
-15.41
-15.34
-15.43
-15.74
-15.87
-16.1
-15.86
-15.77
-15.77
-16.01
-15.73
-15.95
-15.62
-15.51
-15.61
-14.91
-14.86
-15.14
-15
-15.31
-15.32
-15.29
-15.24
-15.56
-15.51
-15.61
-15.37
-15.62
-15.64
-15.86
-16.07
-16.08
-15.81
-15.57
-16.1
-15.84
-15.73
-15.78
-16.03
-15.99
-16.17
-15.65
-15.92
-15.97
-15.75
-16.03
-15.77
-15.52
-15.68
-15.49
-15.59
-15.6
-15.6
-15.99
-16.04
-15.84
-15.3
-16.1
-15.57
-15.82
-16.02
-15.62
-15.68
-15.68
-15.46
-16.05
-16.21
-16.13
-16.04
-15.85
-15.68
-15.88
-16.11
-15.68
-16.05
-15.95
-15.92
-15.64
-16.34
-16.04
-15.99
-15.76
-16.21
-15.72
-16.06
-15.67
-15.8
-16.16
-15.8
-15.9
-15.43
-15.59
-15.45
-15.34
-15.25
-15.24
-15.33
-15.26
-14.83
-14.98
-15.36
-15.71
-15.36
-15.55
-15.18
-15.63
-15.4
-15.66
-15.6
-15.59
-15.32
-15.35
-15.66
-16.09
-15.84
-15.75
-15.82
-15.89
-15.83
-16.05
-15.94
-15.68
-15.59
-15.37
-15.59
-15.94
-15.77
-16.05
NaN
NaN
-16.08
-15.78
-16.48
-16.02
-16.32
-16.39
-16.79
