9.24
9.24
9.63
8.88
9.34
9.35
9.5
10.16
9.1
9.15
9.13
9.67
9.01
9.2
9.43
8.88
8.74
9.42
8.41
8.58
8.6
9.12
8.32
8.44
8.38
8.54
8.65
9.61
8.14
8.51
8.49
8.08
8.28
8.03
8.45
8.21
9.19
8.54
7.97
8.51
8.62
8.79
8.79
8.58
7.94
8.42
8.6
8.64
7.79
8.29
8.17
8.37
8.65
8.04
8.5
8.19
8.25
8.97
8.52
8.97
9.54
8.42
7.6
8.24
8.51
8.86
8.29
7.85
7.66
8.25
7.72
7.68
8.68
8.24
8.27
8.56
8.73
8.56
8.44
8.31
8.53
9.15
8.34
8.19
8.99
8.41
8.72
8.35
8.12
8.29
8.43
9.36
8.28
8.79
8.98
8.81
8.58
8.66
8.8
8.73
9.44
9.18
7.96
8.98
8.32
9.07
8.92
8.73
9.17
8.48
8.44
8.68
8.82
8.49
8.65
8.6
7.83
8.68
8.75
8.83
9.02
8.91
8.35
8.34
8.69
9.12
8.16
8.88
8.51
7.75
9.08
9.14
8.9
8.67
8.71
8.82
8.78
9.49
8.68
8.53
8.21
8.89
8.09
8.77
8.28
8.45
8.4
8.27
8.7
8.63
8.51
9.18
8.39
8.72
8.42
8.72
8.7
8.75
8.27
9.01
7.71
8.63
8.56
7.82
7.84
8.05
8.24
8.31
8.32
8.19
8.11
8.28
7.8
8.15
7.93
8.32
7.87
8.71
8.47
8.93
7.65
8.29
8.4
8.47
8.58
8.35
8.04
8.76
9.07
8.02
8.21
8.28
8.73
8.42
8.96
8.62
8.79
8.89
7.68
8.22
8.84
8.7
7.52
8.31
8.5
8.35
8.76
8.28
8.43
7.28
8.03
7.65
7.9
8.1
7.52
8.61
8.81
8.42
8.13
8.26
8.19
8.37
8.27
7.93
8.22
8.99
8.44
8.78
8.42
7.66
7.59
7.7
8.09
7.84
7.77
7.87
7.59
7.59
8.01
7.58
7.63
7.67
7.84
7.59
7.23
7.25
7.33
7.71
8.06
7.83
7.66
7.93
7.79
7.55
7.65
7.54
7.92
7.78
8
7.33
7.8
8.27
7.86
7.91
7.83
7.91
9.79
8.35
8.19
8.14
7.87
7.48
7.68
7.74
7.81
7.75
7.99
7.81
7.38
7.67
7.57
7.91
7.53
7.45
7.67
7.62
7.17
7.31
6.87
7.43
7.89
7.44
7.6
7.9
7.74
7.92
8.15
8.48
8.01
7.91
7.69
7.49
7.27
7.37
7.75
7
7.25
7.42
7.12
7.47
7.6
7.76
7.81
7.46
7.48
7.54
7.97
7.67
7.8
7.51
7.72
7.57
7.4
7.2
6.63
7.23
7.45
7.83
7.76
7.68
7.11
7.17
7.31
7.45
6.81
7.15
7.25
7.17
8.7
8.18
8.79
9.02
8.84
9.77
9.5
8.14
8.88
8.88
7.62
7.45
8.21
7.63
8.25
7.06
7.12
7.03
7.39
7.42
8.73
8.75
6.67
7.02
6.9
6.49
6.73
6.77
6.73
6.74
6.95
6.84
6.91
7.09
7.82
7.5
7.8
7.86
NaN
NaN
7.98
7.78
7.57
7.62
7.56
7.33
7.17
