depth	min95%	max95%	best	acc.rate
0.03	-49	-38	-45	344.37
0.06	-42	-22	-34	344.37
0.09	-35	-5	-24	344.37
0.12	-28	11	-14	344.37
0.15	-21	28	-3	344.37
0.17	-17	39	4	344.37
0.2	-10	56	14	344.37
0.23	-4	72	24	344.37
0.26	3	89	35	344.37
0.29	10	106	45	279.16
0.32	18	110	53	204.64
0.35	21	113	59	204.64
0.38	21	140	65	204.64
0.41	15	177	72	204.64
0.44	7	212	78	97.65
0.46	7	213	80	-9.34
0.49	13	187	79	-9.34
0.52	15	175	79	-9.34
0.55	14	184	79	-9.34
0.58	10	211	79	182.96
0.61	13	215	84	351.23
0.64	23	206	95	351.23
0.67	23	205	105	351.23
0.7	20	206	116	351.23
0.73	16	218	126	351.23
0.75	11	234	133	409.26
0.78	29	243	146	423.77
0.81	55	244	158	423.77
0.84	81	250	171	423.77
0.87	102	258	184	423.77
0.9	114	266	196	423.77
0.93	126	279	209	423.77
0.96	134	294	222	423.77
0.99	142	310	235	423.77
1.02	148	326	247	423.77
1.04	149	338	256	229.08
1.07	160	341	263	199.12
1.1	172	342	269	199.12
1.13	185	342	275	199.12
1.16	196	345	281	199.12
1.19	208	348	286	199.12
1.22	220	349	292	199.12
1.25	229	353	298	199.12
1.28	241	358	304	199.12
1.31	249	366	310	199.12
1.33	256	371	314	199.12
1.36	265	380	320	199.12
1.39	270	389	326	199.12
1.42	276	398	332	199.12
1.45	279	407	338	199.12
1.48	282	416	344	199.12
1.51	284	424	350	24.18
1.54	288	420	351	11.68
1.57	291	418	351	11.68
1.6	294	416	352	11.68
1.62	297	414	352	11.68
1.65	299	414	352	11.68
1.68	300	413	353	11.68
1.71	300	413	353	11.68
1.74	300	412	353	11.68
1.77	300	412	354	11.68
1.8	300	413	354	11.68
1.83	298	414	354	11.68
1.86	298	415	355	11.68
1.89	297	418	355	11.68
1.91	296	419	355	11.68
1.94	293	424	356	11.68
1.97	290	429	356	21.43
2	288	435	357	157.97
2.03	296	434	361	157.97
2.06	306	433	366	157.97
2.09	313	434	371	157.97
2.12	321	436	376	157.97
2.15	324	437	380	157.97
2.18	330	439	385	157.97
2.2	331	440	388	157.97
2.23	335	444	393	157.97
2.26	337	448	398	157.97
2.29	339	453	402	157.97
2.32	341	456	407	157.97
2.35	341	460	412	157.97
2.38	340	464	417	157.97
2.41	339	470	421	157.97
2.44	339	475	426	157.97
2.47	337	482	431	157.97
2.49	336	487	434	186.26
2.52	343	492	440	205.12
2.55	354	496	446	205.12
2.58	366	500	452	205.12
2.61	377	504	458	205.12
2.64	388	509	464	205.12
2.67	401	515	470	205.12
2.7	411	522	477	205.12
2.73	422	529	483	205.12
2.76	434	538	489	205.12
2.78	441	542	493	205.12
2.81	451	550	499	205.12
2.84	460	559	505	205.12
2.87	467	568	511	205.12
2.9	474	578	518	205.12
2.93	481	588	524	205.12
2.96	486	599	530	199.89
2.99	489	607	536	126.55
3.02	495	606	540	126.55
3.05	500	606	543	126.55
3.07	504	605	546	126.55
3.1	510	606	550	126.55
3.13	515	606	554	126.55
3.16	519	607	557	126.55
3.19	523	608	561	126.55
3.22	526	609	565	126.55
3.25	529	612	569	126.55
3.28	532	614	573	126.55
3.31	534	618	576	126.55
3.34	536	622	580	126.55
3.36	538	627	583	126.55
3.39	540	632	586	126.55
3.42	541	637	590	126.55
3.45	541	643	594	126.55
3.48	541	651	598	51.29
3.51	540	653	599	-61.6
3.54	542	648	598	-61.6
3.57	543	645	596	-61.6
3.6	544	640	594	-61.6
3.63	545	636	592	-61.6
3.65	544	635	591	-61.6
3.68	545	633	589	-61.6
3.71	545	631	587	-61.6
3.74	543	629	585	-61.6
3.77	542	627	583	-61.6
3.8	540	625	582	-61.6
3.83	538	625	580	-61.6
3.86	535	625	578	-61.6
3.89	532	624	576	-61.6
3.92	528	623	574	-61.6
3.94	526	623	573	-61.6
3.97	521	625	571	-61.6
4	516	627	569	90.81
4.03	521	628	572	146.23
4.06	529	628	576	146.23
4.09	536	629	581	146.23
4.12	542	630	585	146.23
4.15	547	633	589	146.23
4.18	551	635	594	146.23
4.21	556	638	598	146.23
4.23	558	640	601	146.23
4.26	561	643	606	146.23
4.29	563	649	610	146.23
4.32	564	655	614	146.23
4.35	564	661	619	146.23
4.38	564	665	623	146.23
4.41	564	673	627	146.23
4.44	564	681	632	146.23
4.47	564	687	636	146.23
4.5	563	693	641	213.16
4.52	569	696	645	224.98
4.55	581	701	652	224.98
4.58	592	705	658	224.98
4.61	603	709	665	224.98
4.64	611	715	672	224.98
4.67	622	724	679	224.98
4.7	631	734	685	224.98
4.73	639	743	692	224.98
4.76	647	754	699	224.98
4.79	653	767	706	224.98
4.81	658	775	710	224.98
4.84	661	788	717	224.98
4.87	665	801	724	224.98
4.9	668	814	730	224.98
4.93	670	827	737	224.98
4.96	674	840	744	224.98
4.99	677	853	751	205.92
5.02	684	855	755	129.68
5.05	690	854	759	129.68
5.08	698	852	763	129.68
5.1	704	851	766	129.68
5.13	709	850	770	129.68
5.16	715	849	773	129.68
5.19	721	848	777	129.68
5.22	725	848	781	129.68
5.25	728	848	785	129.68
5.28	731	850	789	129.68
5.31	734	855	793	129.68
5.34	736	861	797	129.68
5.37	736	865	801	129.68
5.39	736	870	803	129.68
5.42	738	877	807	129.68
5.45	738	884	811	129.68
5.48	737	892	815	129.68
5.51	737	898	819	-25.46
5.54	739	893	818	-42.7
5.57	742	886	817	-42.7
5.6	745	882	816	-42.7
5.63	747	876	814	-42.7
5.66	748	874	813	-42.7
5.68	749	872	812	-42.7
5.71	748	870	811	-42.7
5.74	749	870	810	-42.7
5.77	747	868	808	-42.7
5.8	745	868	807	-42.7
5.83	743	868	806	-42.7
5.86	739	870	804	-42.7
5.89	735	870	803	-42.7
5.92	729	874	802	-42.7
5.95	724	877	801	-42.7
5.97	718	879	800	-42.7
6	712	884	798	218.37
6.03	718	893	805	827.52
6.06	748	911	830	827.52
6.09	779	932	855	827.52
6.12	809	951	879	827.52
6.15	835	973	904	827.52
6.18	863	994	929	827.52
6.21	891	1016	954	827.52
6.24	917	1038	979	827.52
6.26	935	1054	995	827.52
6.29	958	1076	1020	827.52
6.32	983	1100	1045	827.52
6.35	1005	1125	1070	827.52
6.38	1026	1151	1095	827.52
6.41	1047	1177	1119	827.52
6.44	1068	1203	1144	827.52
6.47	1090	1230	1169	827.52
6.5	1108	1259	1194	-659.99
6.53	1093	1236	1174	-711.29
6.55	1082	1220	1160	-711.29
6.58	1067	1196	1139	-711.29
6.61	1050	1172	1117	-711.29
6.64	1032	1150	1096	-711.29
6.67	1016	1129	1075	-711.29
6.7	997	1106	1053	-711.29
6.73	976	1084	1032	-711.29
6.76	956	1063	1011	-711.29
6.79	932	1041	989	-711.29
6.82	907	1021	968	-711.29
6.84	891	1008	954	-711.29
6.87	868	988	932	-711.29
6.9	844	970	911	-711.29
6.93	818	950	890	-711.29
6.96	793	931	868	-711.29
6.99	765	914	847	-711.29
7.02	759	909	841	327.72
7.05	773	914	851	327.72
7.08	788	920	861	327.72
7.11	801	926	871	327.72
7.13	811	931	877	327.72
7.16	825	938	887	327.72
7.19	838	947	897	327.72
7.22	853	956	907	327.72
7.25	866	965	917	327.72
7.28	879	974	926	327.72
7.31	891	984	936	327.72
7.34	902	994	946	327.72
7.37	911	1006	956	327.72
7.4	921	1016	966	327.72
7.42	927	1025	972	327.72
7.45	935	1037	982	327.72
7.48	942	1050	992	247.82
7.51	947	1059	999	-14.69
7.54	950	1054	999	-14.69
7.57	951	1050	998	-14.69
7.6	952	1045	998	-14.69
7.63	954	1043	998	-14.69
7.66	955	1040	997	-14.69
7.69	956	1038	997	-14.69
7.71	957	1037	996	-14.69
7.74	958	1035	996	-14.69
7.77	957	1036	996	-14.69
7.8	957	1036	995	-14.69
7.83	956	1038	995	-14.69
7.86	953	1038	994	-14.69
7.89	951	1039	994	-14.69
7.92	947	1042	993	-14.69
7.95	945	1046	993	-14.69
7.98	943	1049	992	-14.69
8	941	1051	992	108.09
8.03	944	1054	995	248.42
8.06	951	1061	1003	248.42
8.09	959	1068	1010	248.42
8.12	967	1074	1018	248.42
8.15	975	1081	1025	248.42
8.18	983	1088	1033	248.42
8.21	991	1094	1040	248.42
8.24	1000	1101	1048	248.42
8.27	1008	1108	1055	248.42
8.29	1012	1113	1060	248.42
8.32	1020	1120	1067	248.42
8.35	1027	1127	1075	248.42
8.38	1036	1134	1082	248.42
8.41	1043	1141	1090	248.42
8.44	1051	1148	1097	248.42
8.47	1058	1157	1105	248.42
8.5	1066	1166	1112	248.42
8.53	1073	1173	1120	248.42
8.56	1080	1181	1127	248.42
8.58	1085	1185	1132	248.42
8.61	1092	1194	1140	248.42
8.64	1100	1202	1147	248.42
8.67	1108	1210	1154	248.42
8.7	1114	1219	1162	248.42
8.73	1122	1228	1169	248.42
8.76	1128	1237	1177	248.42
8.79	1135	1246	1184	248.42
8.82	1142	1255	1192	248.42
8.85	1149	1264	1199	248.42
8.87	1153	1271	1204	248.42
8.9	1160	1281	1212	248.42
8.93	1168	1290	1219	248.42
8.96	1175	1300	1226	248.42
8.99	1181	1309	1234	248.42
9.02	1187	1318	1241	248.42
9.05	1194	1326	1249	248.42
9.08	1201	1336	1256	248.42
9.11	1206	1346	1264	248.42
9.14	1213	1356	1271	248.42
9.16	1218	1362	1276	248.42
9.19	1224	1371	1284	248.42
9.22	1231	1380	1291	248.42
9.25	1237	1390	1298	248.42
9.28	1243	1399	1306	248.42
9.31	1250	1408	1313	248.42
9.34	1256	1417	1321	248.42
9.37	1262	1427	1328	248.42
9.4	1269	1437	1336	248.42
9.43	1275	1446	1343	248.42
9.45	1279	1453	1348	248.42
9.48	1285	1464	1356	206.79
9.51	1291	1472	1362	-167.9
9.54	1290	1459	1357	-167.9
9.57	1288	1447	1352	-167.9
9.6	1287	1436	1347	-167.9
9.63	1285	1428	1342	-167.9
9.66	1282	1419	1337	-167.9
9.69	1280	1407	1332	-167.9
9.72	1276	1394	1327	-167.9
9.74	1272	1387	1323	-167.9
9.77	1267	1377	1318	-167.9
9.8	1262	1367	1313	-167.9
9.83	1257	1361	1308	-167.9
9.86	1249	1355	1303	-167.9
9.89	1242	1351	1298	-167.9
9.92	1235	1348	1293	-167.9
9.95	1224	1348	1288	-167.9
9.98	1214	1347	1283	-167.9
10.01	1204	1342	1278	-688.09
10.03	1193	1327	1264	-715.47
10.06	1177	1301	1243	-715.47
10.09	1161	1277	1221	-715.47
10.12	1141	1257	1200	-715.47
10.15	1124	1232	1178	-715.47
10.18	1104	1207	1157	-715.47
10.21	1085	1184	1135	-715.47
10.24	1063	1164	1114	-715.47
10.27	1040	1141	1092	-715.47
10.3	1015	1121	1071	-715.47
10.32	998	1108	1057	-715.47
10.35	973	1089	1035	-715.47
10.38	947	1069	1014	-715.47
10.41	921	1050	992	-715.47
10.44	895	1033	971	-715.47
10.47	869	1014	949	-715.47
10.5	843	997	928	-715.47
10.53	816	981	906	-27.39
10.56	821	976	906	49.07
10.59	828	972	907	49.07
10.61	830	970	908	49.07
10.64	835	968	909	49.07
10.67	842	967	911	49.07
10.7	848	967	912	49.07
10.73	854	967	914	49.07
10.76	857	968	915	49.07
10.79	859	969	917	49.07
10.82	861	971	918	49.07
10.85	859	974	920	49.07
10.88	859	979	921	49.07
10.9	857	983	922	49.07
10.93	853	990	924	49.07
10.96	849	995	925	49.07
10.99	846	1001	927	49.07
11.02	842	1006	928	49.07
11.05	840	1015	930	49.07
11.08	836	1023	931	49.07
11.11	831	1032	933	49.07
11.14	827	1038	934	49.07
11.17	823	1048	935	49.07
