depth	min95%	max95%	best	acc.rate
0.03	-41	11	-29	177.01
0.06	-35	16	-23	176.99
0.09	-30	21	-18	176.97
0.12	-25	26	-13	176.94
0.15	-19	31	-8	176.91
0.17	-16	34	-4	176.87
0.2	-10	39	1	176.82
0.23	-5	44	7	176.76
0.26	0	49	12	176.69
0.29	5	54	17	176.61
0.32	11	59	22	176.53
0.35	16	64	28	176.44
0.38	21	69	33	176.35
0.41	27	73	38	176.24
0.44	32	78	44	176.15
0.46	35	82	47	176.05
0.49	41	87	52	175.93
0.52	46	92	58	175.8
0.55	51	97	63	175.66
0.58	56	102	68	175.52
0.61	61	107	74	175.37
0.64	66	111	79	175.21
0.67	72	117	84	175.05
0.7	77	122	89	174.88
0.73	82	127	95	174.73
0.75	86	130	98	174.58
0.78	91	135	103	174.39
0.81	96	140	109	174.19
0.84	101	145	114	173.99
0.87	106	150	119	173.78
0.9	111	155	124	173.56
0.93	117	159	129	173.34
0.96	122	164	135	173.11
0.99	127	169	140	172.95
1.02	132	174	145	172.67
1.04	136	177	148	172.47
1.07	141	182	154	172.21
1.1	146	187	159	171.96
1.13	151	192	164	171.7
1.16	156	197	169	171.43
1.19	161	202	174	171.16
1.22	166	207	179	170.88
1.25	171	212	184	170.6
1.28	176	217	190	170.32
1.31	181	221	195	170.08
1.33	185	225	198	169.83
1.36	190	229	203	169.53
1.39	195	234	208	169.23
1.42	200	239	213	168.92
1.45	205	244	218	168.61
1.48	210	249	223	168.29
1.51	215	254	229	167.97
1.54	220	259	234	167.65
1.57	225	263	239	167.32
1.6	230	268	244	167.04
1.62	233	271	247	166.77
1.65	238	276	252	166.43
1.68	243	281	257	166.09
1.71	248	286	262	165.75
1.74	252	290	267	165.4
1.77	257	295	272	165.05
1.8	262	300	277	164.7
1.83	267	305	282	164.34
1.86	272	309	287	163.98
1.89	277	314	292	163.68
1.91	280	317	295	163.37
1.94	285	322	300	163
1.97	290	326	305	162.63
2	295	331	310	162.26
2.03	300	336	314	161.88
2.06	304	340	319	161.5
2.09	309	345	324	161.11
2.12	314	350	329	160.73
2.15	319	354	334	160.34
2.18	324	359	339	160.01
2.2	327	362	342	159.68
2.23	332	367	347	159.29
2.26	336	371	351	158.89
2.29	341	376	356	158.49
2.32	346	380	361	158.08
2.35	350	385	366	157.67
2.38	355	389	370	157.26
2.41	360	394	375	156.85
2.44	364	399	380	156.44
2.47	369	403	384	156.09
2.49	372	406	388	155.74
2.52	377	411	392	155.31
2.55	381	416	397	154.89
2.58	386	420	402	154.46
2.61	390	424	406	154.04
2.64	395	429	411	153.61
2.67	399	434	415	153.17
2.7	404	438	420	152.74
2.73	408	442	425	152.31
2.76	413	447	429	151.94
2.78	416	450	432	151.57
2.81	420	454	437	151.13
2.84	425	459	441	150.69
2.87	429	463	446	150.25
2.9	433	467	450	149.8
2.93	438	472	455	149.35
2.96	442	477	459	148.9
2.99	447	481	464	148.6
3.02	451	485	468	148
3.05	455	490	473	147.62
3.07	458	493	476	147.24
3.1	462	497	480	146.79
3.13	467	502	484	146.33
3.16	471	506	489	145.88
3.19	475	510	493	145.42
3.22	480	515	498	144.96
3.25	484	519	502	144.51
3.28	488	523	506	144.05
3.31	493	528	511	143.59
3.34	497	532	515	143.21
3.36	500	535	518	142.82
3.39	504	539	522	142.36
3.42	508	544	526	141.9
3.45	512	548	531	141.44
3.48	517	552	535	140.97
3.51	521	557	539	140.51
3.54	525	561	543	140.05
3.57	529	565	547	139.58
3.6	533	570	552	139.12
3.63	537	574	556	138.74
3.65	540	577	559	138.35
3.68	544	581	563	137.89
3.71	548	585	567	137.43
3.74	552	589	571	136.97
3.77	556	593	575	136.51
3.8	560	598	579	136.05
3.83	564	602	583	135.59
3.86	568	606	587	135.13
3.89	572	610	591	134.67
3.92	576	614	595	134.29
3.94	579	617	598	133.91
3.97	583	621	602	133.45
4	586	625	606	132.99
4.03	590	629	610	132.53
4.06	594	633	614	132.08
4.09	598	637	618	131.62
4.12	601	641	622	131.16
4.15	605	645	626	130.7
4.18	609	649	630	130.24
4.21	613	653	634	129.86
4.23	615	655	636	129.48
4.26	619	659	640	129.02
4.29	623	663	644	128.56
4.32	626	667	648	128.1
4.35	630	671	652	127.64
4.38	634	675	656	127.17
4.41	637	679	659	126.71
4.44	641	683	663	126.25
4.47	645	687	667	125.79
4.5	648	691	671	125.41
4.52	651	693	673	125.02
4.55	655	697	677	124.56
4.58	658	701	681	124.1
4.61	662	705	685	123.63
4.64	666	708	688	123.17
4.67	669	712	692	122.7
4.7	673	716	696	122.23
4.73	677	719	699	121.77
4.76	680	723	703	121.3
4.79	684	727	707	120.91
4.81	686	729	709	120.52
4.84	689	733	713	120.05
4.87	693	736	716	119.58
4.9	696	740	720	119.11
4.93	700	744	723	118.63
4.96	704	747	727	118.16
4.99	707	751	731	117.85
5.02	711	754	734	117.21
5.05	714	758	738	116.74
5.08	718	761	741	116.34
5.1	720	764	743	115.95
5.13	723	767	747	115.47
5.16	727	771	750	114.99
5.19	730	775	754	114.52
5.22	733	778	757	114.04
5.25	736	781	761	113.56
5.28	740	785	764	113.08
5.31	743	788	767	112.6
5.34	746	792	771	112.12
5.37	749	795	774	111.72
5.39	751	798	776	111.32
5.42	754	801	780	110.84
5.45	757	804	783	110.36
5.48	761	808	786	109.87
5.51	764	811	790	109.39
5.54	767	815	793	108.91
5.57	770	818	796	108.42
5.6	773	821	799	107.94
5.63	776	825	803	107.46
5.66	780	828	806	107.05
5.68	782	830	808	106.65
5.71	785	834	811	106.16
5.74	788	837	814	105.68
5.77	791	840	818	105.19
5.8	794	844	821	104.71
5.83	797	847	824	104.22
5.86	800	850	827	103.74
5.89	803	853	830	103.25
5.92	806	856	833	102.77
5.95	809	859	836	102.36
5.97	811	861	838	101.96
6	813	864	841	101.47
6.03	816	868	845	100.98
6.06	819	871	848	100.5
6.09	822	875	851	100.01
6.12	825	878	854	99.52
6.15	827	881	857	99.03
6.18	830	884	860	98.54
6.21	833	887	862	98.05
6.24	836	890	865	97.64
6.26	838	893	867	97.23
6.29	841	896	870	96.74
6.32	843	899	873	96.24
6.35	846	902	876	95.75
6.38	849	905	879	95.26
6.41	851	908	882	94.76
6.44	854	911	885	94.26
6.47	856	914	887	93.77
6.5	859	917	890	93.27
6.53	862	920	893	92.86
6.55	863	923	895	92.45
6.58	866	926	898	91.96
6.61	869	929	900	91.48
6.64	871	932	903	91
6.67	874	935	906	90.52
6.7	876	938	909	90.04
6.73	879	941	911	89.57
6.76	881	944	914	89.1
6.79	884	947	917	88.64
6.82	886	950	919	88.25
6.84	888	953	921	87.87
6.87	890	955	924	87.41
6.9	893	959	926	86.96
6.93	895	962	929	86.51
6.96	897	965	932	86.07
6.99	900	968	934	85.77
7.02	902	971	937	85.18
7.05	905	974	939	84.75
7.08	907	977	942	84.31
7.11	909	980	944	83.95
7.13	911	982	946	83.59
7.16	913	985	949	83.16
7.19	915	988	951	82.74
7.22	918	991	954	82.31
7.25	920	994	956	81.89
7.28	922	996	958	81.47
7.31	924	999	961	81.05
7.34	927	1002	963	80.63
7.37	929	1005	966	80.22
7.4	931	1008	968	79.88
7.42	933	1010	970	79.53
7.45	935	1013	972	79.13
7.48	937	1016	975	78.72
7.51	939	1019	977	78.32
7.54	940	1022	979	77.92
7.57	942	1025	982	77.52
7.6	944	1028	984	77.12
7.63	946	1031	986	76.73
7.66	948	1034	989	76.34
7.69	950	1037	991	76.02
7.71	951	1039	992	75.69
7.74	953	1042	995	75.31
7.77	955	1044	997	74.93
7.8	957	1048	999	74.55
7.83	959	1051	1001	74.18
7.86	961	1054	1004	73.8
7.89	963	1057	1006	73.43
7.92	965	1060	1008	73.07
7.95	967	1063	1010	72.7
7.98	968	1065	1012	72.4
8	969	1067	1014	72.1
8.03	971	1070	1016	71.74
8.06	973	1073	1018	71.38
8.09	975	1076	1020	71.03
8.12	977	1078	1022	70.68
8.15	978	1081	1025	70.33
8.18	980	1084	1027	69.98
8.21	982	1087	1029	69.63
8.24	983	1090	1031	69.29
8.27	985	1093	1033	69
8.29	986	1095	1034	68.72
8.32	988	1098	1036	68.38
8.35	989	1101	1038	68.04
8.38	991	1104	1040	67.7
8.41	992	1107	1042	67.37
8.44	994	1110	1044	67.04
8.47	996	1113	1046	66.71
8.5	997	1116	1048	66.38
8.53	999	1119	1050	66.06
8.56	1000	1122	1052	65.79
8.58	1001	1124	1054	65.52
8.61	1002	1127	1056	65.2
8.64	1004	1130	1058	64.88
8.67	1006	1133	1060	64.56
8.7	1007	1136	1062	64.25
8.73	1009	1139	1064	63.93
8.76	1010	1142	1065	63.62
8.79	1012	1144	1067	63.31
8.82	1013	1147	1069	63.01
8.85	1014	1150	1071	62.75
8.87	1015	1152	1072	62.5
8.9	1017	1155	1074	62.2
8.93	1018	1158	1076	61.9
8.96	1019	1160	1078	61.6
8.99	1021	1163	1080	61.41
9.02	1022	1166	1082	61.01
9.05	1024	1168	1084	60.72
9.08	1025	1171	1085	60.43
9.11	1026	1174	1087	60.14
9.14	1027	1177	1089	59.91
9.16	1028	1179	1090	59.67
9.19	1030	1181	1092	59.39
9.22	1031	1184	1094	59.11
9.25	1033	1187	1095	58.83
9.28	1034	1189	1097	58.55
9.31	1035	1192	1099	58.28
9.34	1036	1195	1101	58
9.37	1038	1198	1102	57.73
9.4	1039	1201	1104	57.46
9.43	1040	1204	1106	57.24
9.45	1041	1206	1107	57.02
9.48	1043	1208	1109	56.76
9.51	1044	1211	1111	56.5
9.54	1045	1214	1112	56.24
9.57	1046	1217	1114	55.99
9.6	1048	1220	1116	55.74
9.63	1049	1223	1117	55.5
9.66	1050	1225	1119	55.26
9.69	1052	1228	1121	55.03
9.72	1053	1231	1122	54.84
9.74	1054	1233	1123	54.65
9.77	1055	1236	1125	54.43
9.8	1056	1239	1127	54.22
9.83	1057	1241	1128	54.01
9.86	1058	1244	1130	53.8
9.89	1059	1247	1131	53.6
9.92	1060	1249	1133	53.4
9.95	1061	1252	1135	53.21
9.98	1062	1255	1136	53.06
10.01	1063	1257	1138	52.87
10.03	1063	1259	1139	52.73
10.06	1064	1261	1140	52.56
10.09	1066	1264	1142	52.4
10.12	1067	1267	1144	52.24
10.15	1068	1269	1145	52.09
10.18	1069	1272	1147	51.95
10.21	1070	1275	1148	51.82
10.24	1071	1277	1150	51.69
10.27	1071	1280	1151	51.57
10.3	1072	1282	1153	51.47
10.32	1073	1284	1154	51.38
10.35	1074	1287	1156	51.28
10.38	1075	1289	1157	51.19
10.41	1075	1292	1159	51.1
10.44	1076	1295	1160	51.02
10.47	1077	1297	1162	50.95
10.5	1078	1300	1163	50.89
10.53	1079	1302	1165	50.83
10.56	1080	1305	1166	50.77
10.59	1081	1308	1168	50.73
10.61	1081	1309	1169	50.69
10.64	1082	1312	1170	50.65
10.67	1083	1315	1172	50.61
10.7	1084	1318	1173	50.57
10.73	1085	1320	1175	50.54
10.76	1086	1323	1176	50.51
10.79	1087	1326	1178	50.48
10.82	1088	1329	1179	50.46
10.85	1089	1332	1181	50.44
10.88	1090	1335	1182	50.43
10.9	1090	1337	1183	50.42
10.93	1091	1340	1185	50.41
10.96	1092	1342	1186	50.41
10.99	1093	1345	1188	50.4
11.02	1094	1348	1190	50.4
11.05	1095	1351	1191	50.4
11.08	1096	1354	1193	50.4
11.11	1097	1357	1194	50.4
11.14	1097	1360	1196	50.4
11.17	1098	1363	1197	50.4
