0.34
0.52
0.68
0.85
1.18
1.3
1.54
1.69
1.87
2.38
2.86
3.51
4.4
4.7
5.15
5.65
5.82
5.95
6.13
6.74
6.92
7.04
7.2
7.32
7.64
7.93
8.64
8.85
9.05
9.11
9.54
9.83
9.91
10.19
10.37
10.43
10.55
10.65
10.74
11.44
11.8
12.05
12.33
12.81
13.11
13.45
13.82
14.14
14.66
15.52
15.74
16.02
16.18
16.8
17.08
17.24
17.36
17.56
17.7
17.84
18.01
18.28
18.56
18.68
18.9
19.39
20.34
20.94
21.24
21.66
22.12
22.26
23.42
24.45
24.79
25.09
25.33
25.53
25.68
25.92
26.26
26.79
27.48
28.19
28.38
28.58
28.73
29.05
29.45
29.65
29.77
30.08
30.29
30.65
30.82
31.57
31.72
31.82
32.4
32.9
33.11
33.33
33.46
33.86
34.01
34.36
34.63
34.95
35
35.33
35.49
35.62
35.74
36.27
36.65
36.81
36.93
37.12
37.6
37.71
38.8
38.93
39.34
39.78
39.89
40.08
40.4
40.68
40.89
41.19
41.59
42.17
42.49
43.1
43.32
43.65
43.88
44.04
44.45
44.92
